4294967279,104
4294967279,103
4294967279,102
4294967279,101
4294967279,100
4294967279,99
4294967279,98
4294967279,97
4294967279,96
4294967279,95
4294967279,94
4294967279,93
4294967279,92
4294967279,91
4294967279,90
4294967279,89
4294967279,87
4294967279,86
4294967279,85
4294967279,84
4294967279,83
4294967279,82
4294967279,81
4294967279,80
4294967279,79
4294967279,78
4294967279,77
4294967279,76
4294967279,75
4294967279,74
4294967279,73
4294967279,72
4294967279,71
4294967279,70
4294967279,69
4294967279,68
4294967279,67
4294967279,66
4294967279,65
4294967279,64
4294967279,63
4294967279,62
4294967279,61
4294967279,60
4294967278,211
4294967279,212
4294967278,210
4294967279,211
4294967278,209
4294967279,210
4294967294,97
4294967294,184
4294967278,208
4294967279,209
4294967294,1012
4294967294,1011
4294967294,1009
4294967294,1008
4294967294,1003
4294967294,992
4294967294,966
4294967294,964
4294967294,963
4294967294,962
4294967294,961
4294967294,60
4294967278,207
4294967279,208
4294967278,206
4294967279,207
4294967278,205
4294967279,206
4294967278,204
4294967279,205
4294967278,203
4294967294,10
4294967294,1029
4294967294,1028
4294967294,1027
4294967294,1025
4294967294,987
4294967294,986
4294967294,985
4294967294,984
4294967294,983
4294967294,982
4294967294,980
4294967294,979
4294967294,977
4294967294,976
4294967294,973
4294967294,970
4294967294,969
4294967278,17
4294967278,16
4294967278,15
4294967278,14
4294967278,13
4294967278,12
4294967278,11
4294967278,10
4294967278,9
4294967278,8
4294967278,7
4294967278,6
4294967278,5
4294967278,4
4294967279,132
4294967279,131
4294967279,130
4294967279,129
4294967279,128
4294967279,127
4294967279,126
4294967279,125
4294967279,124
4294967279,123
4294967279,122
4294967279,121
4294967279,120
4294967279,119
4294967279,118
4294967279,117
4294967279,116
4294967279,115
4294967279,114
4294967279,113
4294967279,112
4294967279,111
4294967279,110
4294967279,109
4294967279,108
4294967279,107
4294967279,106
4294967279,105
4294967278,344
4294967278,132
4294967278,131
4294967278,130
4294967278,129
4294967278,128
4294967278,127
4294967278,255
4294967278,126
4294967278,125
4294967278,124
4294967278,123
4294967278,122
4294967278,121
4294967278,120
4294967278,119
4294967278,118
4294967278,117
4294967278,116
4294967278,115
4294967278,114
4294967278,113
4294967278,112
4294967278,111
4294967278,110
4294967278,109
4294967278,108
4294967278,107
4294967278,106
4294967278,105
4294967278,104
4294967278,103
4294967278,102
4294967278,101
4294967278,100
4294967278,99
4294967278,98
4294967278,97
4294967278,96
4294967278,95
4294967278,94
4294967278,93
4294967278,92
4294967278,91
4294967278,90
4294967278,89
4294967278,87
4294967278,86
4294967278,85
4294967278,83
4294967278,79
4294967278,78
4294967278,77
4294967278,76
4294967278,74
4294967278,70
4294967278,68
4294967278,66
4294967278,65
4294967278,64
4294967278,63
4294967278,62
4294967278,58
4294967278,56
4294967278,55
4294967278,54
4294967278,53
4294967278,52
4294967278,51
4294967278,50
4294967278,49
4294967278,45
4294967278,43
4294967278,41
4294967278,40
4294967278,39
4294967278,38
4294967278,37
4294967278,36
4294967278,35
4294967278,34
4294967278,33
4294967278,32
4294967278,31
4294967278,30
4294967278,29
4294967278,28
4294967278,27
4294967278,26
4294967278,25
4294967278,24
4294967278,275
4294967278,23
4294967278,22
4294967278,274
4294967278,21
4294967278,20
4294967278,273
4294967278,19
4294967278,18
4294967278,285
4294967279,278
4294967279,24
4294967279,276
4294967279,23
4294967279,22
4294967279,21
4294967279,20
4294967279,19
4294967279,18
4294967279,17
4294967279,16
4294967279,15
4294967279,14
4294967279,174
4294967279,88
4294967279,13
4294967279,12
4294967279,11
4294967279,10
4294967279,9
4294967279,8
4294967279,7
4294967279,6
4294967279,5
4294967279,4
4294967279,417
4294967278,343
4294967278,84
4294967294,1031
4294967294,1030
4294967294,1026
4294967294,1024
4294967294,978
4294967294,972
4294967294,438
4294967294,401
4294967294,185
4294967294,182
4294967294,173
4294967294,170
4294967294,161
4294967278,196
4294967294,180
4294967294,189
4294967294,384
4294967294,190
4294967278,342
4294967278,82
24,11
24,0
24,10
4294967278,81
4294967279,416
4294967278,80
4294967294,30
4294967294,164
4294967294,163
4294967294,165
4294967294,113
4294967294,167
4294967294,177
4294967294,11
4294967294,175
4294967294,183
4294967294,176
4294967294,451
4294967294,599
4294967294,422
4294967294,18
4294967294,127
4294967294,14
4294967294,126
